trigger: 
trigger: 2025-11-12T22:35:59.0073568+09:00 by automation
re-trigger: 2025-11-12T22:43:07.4013965+09:00 by automation (add script)
