trigger: 
trigger: 2025-11-12T22:35:59.0073568+09:00 by automation
re-trigger: 2025-11-12T22:43:07.4013965+09:00 by automation (add script)
pr-create: 2025-11-12T22:47:57.4990660+09:00 by automation (pr-create)
pr-create: 2025-11-12T22:48:05.1213085+09:00 by automation (pr-create)
pr-create2: 2025-11-12T22:51:12.7884370+09:00 by automation (pr-create2)
gh-pr: 2025-11-12T22:58:55.2694199+09:00 by automation (gh-pr)
trigger: 2025-11-12T23:14:27.0917949+09:00
trigger: 2025-11-12T23:18:24.7033021+09:00
trigger: 2025-11-12T23:20:15.7148223+09:00
rerun: 2025-11-12T23:23:27.6791626+09:00
rerun: 2025-11-12T23:29:02.2059935+09:00
rerun: 2025-11-12T23:35:53.1945033+09:00
rerun: 2025-11-12T23:37:49.1781152+09:00
