trigger: 
trigger: 2025-11-12T22:35:59.0073568+09:00 by automation
re-trigger: 2025-11-12T22:43:07.4013965+09:00 by automation (add script)
pr-create: 2025-11-12T22:47:57.4990660+09:00 by automation (pr-create)
pr-create: 2025-11-12T22:48:05.1213085+09:00 by automation (pr-create)
